opensky:
  minlatitude: -38.10939460706676
  maxlatitude: -37.4429286820654
  minlongitude: 144.26938346610035
  maxlongitude: 145.51358502713663
frequency: 5